book_id,book_name
1,Getting Things Done
2,Atomic Habits
3,Deep Work
4,The 7 Habits of Highly Effective People
5,Essentialism
6,The Power of Habit
7,Smarter Faster Better
8,The One Thing
9,Eat That Frog!
10,Make Time
11,The 4-Hour Workweek
12,Drive
13,Mindset
14,The Compound Effect
15,First Things First
16,Finish
17,The War of Art
18,Rework
19,The Productivity Project
20,Hyperfocus
21,The Effective Executive
22,The 5 AM Club
23,Thinking Fast and Slow
24,Zen to Done
25,High Performance Habits
26,Getting Results the Agile Way
27,Measure What Matters
28,Tools of Titans
29,The Motivation Myth
30,Your Best Year Ever
31,The Organized Mind
32,Flow
33,The Now Habit
34,Getting Things Done for Teens
35,Extreme Productivity
36,The Checklist Manifesto
37,Time Management Magic
38,The Pomodoro Technique
39,The Power of Full Engagement
40,168 Hours
41,The Slight Edge
42,The Productivity Planner
43,Willpower Doesn't Work
44,The Art of Stress-Free Productivity
45,Organize Tomorrow Today
46,Focus
47,Superhuman by Habit
48,The 12 Week Year
49,Procrastinate on Purpose
50,The Miracle Morning
